# DOE ARM Utqiagvik liquid-containing cloud durations -- Genie's event list
# ==========================================================================
#
# Written by northSlope_alaska_doeARM/
#   barrow_liquidContaining_cloud_susceptibility_fromGenies_data.ipynb (9f)
# from cloudDuration_ALL.csv, supplied by Genie Lorenzo Pearson 2026-09-17:
# the duration in minutes of EVERY liquid-containing (liquid + mixed-phase)
# cloud, non-precipitating, LWP threshold 0 g m-2, over 11 cold seasons
# (2014/15-2024/25, Oct 1 - Mar 31). One 30-s sample = 0.5 min is the
# resolution; the shortest cloud is one sample.
#
# LOSSLESS COMPRESSION of the list: every duration is a multiple of one
# sample and only a few hundred distinct values occur, so each row is one
# distinct duration and the number of clouds that had it. Expanding the
# rows (duration repeated n_clouds times) gives the original list exactly.
#
# 64,594 clouds; 17,392.5 h in total, 1,581.1 h/season.
# Mean 16.16 min, median 3.0 min, max 3218.5 min.
#
# KNOWN DISCREPANCY (notebook section 9a): the durations sum to 6.4% LESS
# than the ver2 seasonal liquid-containing totals (17,392 h vs 18,574 h),
# and the list matches the PRE-correction (ver1) total + a few percent.
# Provenance not yet confirmed with Genie. Retained FRACTIONS are the
# quantity to use from this file; absolute hours carry that caveat.
#
n_seasons,11
duration_min,n_clouds
0.5,9569
1,9888
1.5,5091
2,4590
2.5,2702
3,3250
3.5,1878
4,2156
4.5,1355
5,1746
5.5,1033
6,1318
6.5,797
7,1036
7.5,661
8,862
8.5,545
9,731
9.5,436
10,667
10.5,390
11,506
11.5,340
12,453
12.5,296
13,394
13.5,254
14,385
14.5,227
15,312
15.5,190
16,306
16.5,201
17,279
17.5,166
18,283
18.5,168
19,215
19.5,137
20,224
20.5,104
21,175
21.5,121
22,187
22.5,126
23,165
23.5,110
24,169
24.5,116
25,147
25.5,85
26,137
26.5,92
27,109
27.5,80
28,122
28.5,88
29,104
29.5,79
30,93
30.5,65
31,98
31.5,68
32,86
32.5,67
33,84
33.5,57
34,84
34.5,48
35,71
35.5,49
36,75
36.5,52
37,75
37.5,47
38,74
38.5,53
39,70
39.5,42
40,53
40.5,36
41,74
41.5,37
42,61
42.5,43
43,59
43.5,37
44,47
44.5,32
45,56
45.5,40
46,55
46.5,27
47,59
47.5,29
48,47
48.5,37
49,36
49.5,38
50,37
50.5,35
51,29
51.5,28
52,35
52.5,30
53,43
53.5,23
54,33
54.5,21
55,47
55.5,19
56,32
56.5,28
57,33
57.5,22
58,21
58.5,25
59,30
59.5,22
60,46
60.5,27
61,40
61.5,23
62,20
62.5,17
63,22
63.5,16
64,21
64.5,22
65,23
65.5,19
66,26
66.5,20
67,26
67.5,28
68,30
68.5,20
69,28
69.5,14
70,28
70.5,14
71,14
71.5,13
72,22
72.5,20
73,15
73.5,21
74,28
74.5,16
75,26
75.5,10
76,29
76.5,16
77,22
77.5,9
78,20
78.5,15
79,17
79.5,13
80,13
80.5,7
81,19
81.5,12
82,22
82.5,13
83,11
83.5,7
84,17
84.5,10
85,21
85.5,15
86,19
86.5,16
87,14
87.5,16
88,18
88.5,4
89,12
89.5,12
90,13
90.5,12
91,20
91.5,9
92,7
92.5,10
93,9
93.5,8
94,22
94.5,11
95,4
95.5,9
96,10
96.5,6
97,14
97.5,16
98,7
98.5,14
99,17
99.5,10
100,10
100.5,7
101,13
101.5,5
102,7
102.5,9
103,10
103.5,3
104,13
104.5,9
105,11
105.5,8
106,14
106.5,9
107,15
107.5,12
108,8
108.5,3
109,14
109.5,9
110,12
110.5,6
111,11
111.5,12
112,14
112.5,15
113,16
113.5,4
114,10
114.5,7
115,7
115.5,9
116,8
116.5,3
117,11
117.5,10
118,6
118.5,7
119,11
119.5,6
120,4
120.5,3
121,2
121.5,4
122,10
122.5,7
123,5
123.5,6
124,9
124.5,6
125,9
125.5,2
126,5
126.5,6
127,7
127.5,6
128,7
128.5,4
129,7
129.5,4
130,7
130.5,6
131,10
131.5,5
132,9
132.5,7
133,8
133.5,3
134,8
134.5,6
135,4
135.5,6
136,6
136.5,4
137,3
137.5,5
138,6
138.5,5
139,6
139.5,5
140,9
140.5,15
141,5
141.5,4
142,4
142.5,12
143,7
143.5,3
144,7
144.5,3
145,5
145.5,6
146,10
146.5,2
147,9
147.5,3
148,1
148.5,7
149,8
149.5,6
150,4
150.5,2
151,3
151.5,7
152,10
152.5,3
153,6
153.5,6
154,5
154.5,3
155,2
155.5,4
156,4
156.5,5
157,7
157.5,1
158,1
159,2
159.5,5
160,3
160.5,2
161,5
161.5,5
162,5
162.5,6
163,6
163.5,4
164,2
164.5,5
165,6
165.5,4
166,8
166.5,3
167,3
167.5,3
168,4
168.5,6
169,9
169.5,3
170,4
170.5,3
171,7
171.5,2
172,7
172.5,3
173,5
173.5,6
174,4
174.5,4
175,3
175.5,3
176,5
176.5,5
177,3
177.5,1
178,7
179,4
179.5,1
180,2
180.5,2
181,3
181.5,5
182,5
182.5,4
183,2
183.5,3
184,1
184.5,2
185,3
185.5,2
186,2
186.5,4
187,6
187.5,2
188,3
188.5,3
189,4
189.5,3
190,6
190.5,2
191,5
191.5,2
192,2
192.5,2
193,2
193.5,3
194,4
194.5,3
195,4
195.5,1
196,5
196.5,1
197,2
197.5,3
198,6
198.5,5
199,4
199.5,3
200,2
200.5,1
201,3
201.5,3
202,4
202.5,4
203,3
203.5,1
204,3
204.5,5
205,3
205.5,2
206,2
206.5,6
207,3
207.5,2
208,4
208.5,1
209,5
209.5,4
210,2
210.5,2
211,3
211.5,1
212,3
212.5,3
213,2
214,1
214.5,2
215,2
215.5,2
216,3
216.5,3
217,2
217.5,4
218,3
219,2
219.5,3
220,8
220.5,3
221,5
221.5,3
222,3
222.5,1
223,1
223.5,3
224,4
224.5,6
225,1
226,4
226.5,2
227,4
227.5,2
228,3
228.5,2
229,4
229.5,4
230,6
230.5,3
231,4
231.5,1
232,2
232.5,2
233,3
233.5,2
234.5,3
235,1
235.5,3
236.5,7
237,2
237.5,3
238,4
239,4
240,3
240.5,2
241,1
241.5,1
242,2
242.5,1
243,1
243.5,1
244,1
244.5,1
245.5,1
246,6
246.5,1
247.5,3
248,1
248.5,2
249,2
250,3
251,3
252,3
252.5,3
253,3
253.5,2
254,1
254.5,1
255,4
256.5,1
257,3
257.5,2
258,2
258.5,4
259,4
259.5,1
260.5,1
261,1
261.5,1
262,1
263,2
263.5,2
264,2
264.5,3
265,3
266,1
266.5,1
267,3
267.5,2
268.5,2
269,1
270,5
270.5,1
271,4
271.5,1
272,2
273,4
274,1
275.5,1
276,2
276.5,2
277,1
278,5
278.5,2
279,2
279.5,1
280,1
280.5,2
282,3
282.5,1
283,3
284,3
284.5,2
285,2
286,1
286.5,2
287,2
287.5,1
288,1
289,1
289.5,2
290,1
290.5,1
291,2
291.5,1
292,4
293,2
293.5,1
294,1
295.5,3
296,1
297,1
298,6
299,3
300,2
300.5,2
301,1
301.5,1
302,1
302.5,2
303,1
304,1
304.5,2
305,3
306.5,1
307,5
307.5,2
308,1
309,2
310,1
311,1
312,1
313,1
313.5,1
316,2
316.5,2
318,2
319,2
319.5,2
320.5,1
321,3
321.5,1
322,2
322.5,1
323.5,1
324,2
324.5,2
325,3
325.5,2
326,1
326.5,1
327,1
327.5,1
328,1
328.5,1
329,1
330,2
330.5,1
331,2
331.5,2
332,2
332.5,2
333,2
333.5,2
334.5,1
335,2
335.5,1
336.5,3
339,2
340,1
340.5,3
341,2
342,2
343,3
343.5,2
344,5
344.5,3
345.5,1
347,2
348,2
349.5,3
351.5,1
352,2
352.5,2
353,1
353.5,2
354,2
354.5,2
355,2
357,1
358.5,1
359,1
359.5,1
360,2
361,1
361.5,2
362,1
362.5,2
363.5,1
364,1
364.5,1
365.5,2
366,2
367.5,2
368,1
368.5,1
369,2
370,1
371,1
373,3
373.5,1
374,1
378,2
379,1
380.5,2
381.5,1
382.5,1
383,3
383.5,1
384,1
384.5,1
385.5,2
387,1
388,1
389,2
391,1
391.5,1
392,2
392.5,2
393,1
394.5,1
395.5,1
396.5,1
399,1
399.5,1
400,2
401,1
405,1
405.5,2
406,1
407,1
408,2
408.5,1
411,2
411.5,1
412,2
413,3
413.5,1
414,1
414.5,1
415.5,2
416,1
418.5,2
419,1
420,2
422,2
424,1
424.5,1
425.5,1
426,2
429,2
429.5,2
431,1
432.5,1
434,1
434.5,1
437.5,1
440,1
441,1
442,1
443.5,1
444,1
444.5,1
445,1
445.5,1
447,1
449,1
450,1
450.5,1
451.5,1
453,2
453.5,1
454,1
456,3
456.5,1
458.5,1
459,2
459.5,1
460.5,1
462,1
464,1
466,1
466.5,2
467,1
468,2
469,3
469.5,2
471,2
472,2
472.5,1
473,1
476,1
477,2
478.5,2
479,1
480,1
482.5,1
483,1
485,2
487.5,1
488,2
489.5,1
491,1
492.5,1
494,1
496,1
497.5,1
498,1
502,1
503.5,2
507,1
510,1
510.5,1
512,1
512.5,1
513.5,1
514,1
514.5,1
518,2
518.5,1
519,1
519.5,1
520.5,1
523,1
529.5,1
532.5,1
533,1
535,1
536,1
538.5,1
539,1
540,1
541.5,1
544,1
548.5,2
551.5,1
553.5,1
554,1
554.5,2
555,1
556.5,1
557.5,1
558,1
559.5,1
560,1
561,1
563,1
568,1
570.5,1
571.5,1
578,1
581.5,1
584,1
587.5,1
589.5,1
592,1
595.5,1
597,1
597.5,1
601.5,1
602.5,2
604,1
606,1
608,1
610,1
614,2
616,2
616.5,1
617,1
618.5,1
620.5,1
623,1
624,1
628.5,2
629.5,1
635,1
636,1
637.5,1
642.5,1
643,1
643.5,1
646.5,1
647.5,1
656,1
657,1
661,1
665.5,1
666.5,1
676.5,1
678,1
679.5,1
680,1
680.5,1
681,1
683,1
686.5,1
690,1
695.5,1
699,1
701,1
703,1
705,1
707.5,1
710.5,1
711,1
711.5,1
713,1
725.5,2
732.5,1
733,2
742.5,1
743,1
744,1
746.5,2
753.5,1
755,1
755.5,1
757.5,1
759,1
762,1
764,1
767,1
768,1
771.5,1
775,1
779.5,1
784,1
788,1
794,1
804.5,1
811,1
813,1
815.5,1
838,1
845.5,1
850.5,1
851.5,2
854.5,1
857,1
857.5,1
871,1
879.5,1
887.5,1
890,2
900,1
915,1
916.5,1
917,1
942,1
951.5,1
957.5,1
961.5,1
974,1
986,1
988.5,1
996.5,1
1000,1
1001,1
1004,1
1005,1
1012.5,1
1030,1
1031,1
1034,1
1048,1
1048.5,1
1049,1
1064,1
1107,1
1122,1
1130,1
1152.5,1
1153,1
1194.5,1
1195,1
1209.5,1
1213.5,1
1219,1
1236,1
1244,1
1269,1
1272.5,1
1276.5,1
1295,1
1348,1
1387.5,1
1400.5,1
1402.5,1
1418.5,1
1528.5,1
1577.5,1
1645.5,1
1719,1
1725.5,1
1738,1
1765,1
1772,1
1774.5,1
1787.5,1
1902,1
1965,1
2478,1
3218.5,1
